INPUT FORMAT

Number of vertices
input vetices in x,y format




INPUTS:

n=4 /t= 0.000256
#Input
4
160, 240
160, 160
240, 160
240, 240


n=10 t= 0.001265
#Input
10
293, 115
368, 147
178, 120
237, 164
220, 164
222, 166
166, 331
118, 314
125, 342
1, 26

n=10 t= 0.001470
#Input
10
354, 87
182, 60
304, 166
149, 116
344, 329
395, 440
149, 395
119, 393
63, 322
4, 8

n=10 t= 0.002815 sec
#Input
10
244, 253
290, 301
206, 345
108, 185
252, 138
418, 362
257, 196
153, 214
210, 298
235, 290

n=15 t=0.010863s
#Input
15
35, 365
50 ,311
84 ,365
101 ,320
131 ,393
147 ,325
185 ,395
219 ,322
240 ,385
290 ,338
282 ,445
234 ,452
169 ,465
87 ,456
48 ,455

n = 20 t= 0.013782s
#Input
20
309, 115
327, 146
184, 116
320, 223
237, 191
303, 247
228, 215
214, 212
165, 164
273, 278
317, 332
131, 139
302, 354
190, 231
266, 332
203, 313
162, 323
161, 366
116, 392
16, 98

n = 30 t= 0.025612s
#Input
30
485, 112
388, 112
415, 127
409, 145
471, 267
324, 188
402, 245
237, 158
216, 147
449, 309
452, 341
210, 160
460, 360
251, 200
379, 322
400, 344
328, 296
471, 468
419, 443
282, 303
327, 359
244, 302
143, 235
105, 217
153, 328
102, 221
153, 443
155, 495
116, 384
55, 26

n=34 t= 0.052248 sec
#Input
34
225, 320
236, 280
282, 272
333, 275
373, 297
388, 336
364, 368
375, 404
402, 419
371, 459
310, 462
275, 464
221, 469
179, 470
113, 475
68, 460
30, 429
26, 387
37, 336
79, 284
124, 274
135, 334
89, 404
133, 433
185, 442
251, 430
301, 416
318, 381
310, 337
269, 339
264, 387
227, 392
200, 358
184, 328

n = 40 t= 0.063731s
#Input
40
347, 84
333, 90
319, 93
409, 123
266, 102
273, 113
390, 177
405, 188
337, 176
189, 100
254, 135
409, 231
410, 274
246, 190
394, 321
299, 244
231, 191
149, 128
148, 138
393, 371
390, 377
440, 448
196, 200
378, 392
181, 211
109, 132
141, 188
239, 325
165, 233
238, 355
237, 356
228, 372
198, 336
120, 289
122, 297
139, 369
138, 407
147, 441
79, 298
37, 13

n=50 t= 0.118215 sec
#Input
50
260, 461
215, 443
168 ,427
128, 393
107, 362
96 ,320
96 ,286
91 ,224
93 ,181
103 ,149
132 ,122
184 ,85
229 ,59
271 ,54
340 ,39
380 ,53
415 ,95
371 ,116
308 ,108
245 ,109
217 ,106
223 ,143
266 ,154
303 ,157
336 ,162
358 ,167
382 ,167
386 ,166
404 ,156
407 ,142
407 ,137
422 ,126
446 ,123
462 ,100
474 ,136
454 ,192
428 ,207
357 ,219
315 ,217
273 ,213
232 ,210
199 ,211
167 ,320
272 ,354
337 ,314
374 ,362
417 ,418
458 ,451
409 ,469
308 ,491

n=100 t= 0.432117 sec
#Input
100
237, 53
326, 98
402, 125
173, 54
301, 99
448, 152
312, 111
369, 141
405, 159
317, 126
257, 109
367, 161
242, 107
311, 143
200, 92
165, 77
183, 90
316, 156
223, 116
275, 149
211, 121
393, 236
352, 215
358, 219
421, 258
349, 219
349, 243
386, 279
388, 293
248, 190
216, 166
236, 182
210, 184
142, 128
232, 212
115, 107
223, 210
307, 291
77, 74
231, 226
253, 248
251, 247
346, 360
411, 436
227, 242
253, 284
358, 403
124, 146
347, 409
258, 314
279, 348
193, 241
289, 366
257, 340
249, 333
224, 300
271, 373
157, 219
163, 233
228, 326
304, 449
193, 291
110, 167
263, 400
70, 109
201, 320
250, 410
94, 163
94, 170
217, 420
196, 382
219, 434
158, 326
177, 372
187, 414
112, 248
122, 286
88, 222
64, 162
103, 278
121, 327
72, 195
152, 414
104, 304
140, 410
146, 430
143, 438
125, 388
71, 226
127, 447
115, 417
67, 266
109, 436
87, 351
53, 214
80, 348
62, 356
62, 439
58, 445
17, 39








